<?xml version="1.0"?>
<opencv_storage>
<_ type_id="opencv-matrix">
  <rows>3072</rows>
  <cols>2</cols>
  <dt>f</dt>
  <data>
    0. 1.98210537e+000 0. 1.81016552e+000 0. 1.85172153e+000 0.
    1.81691408e+000 0. 1.86843526e+000 0. 1.83924282e+000 0.
    1.92536128e+000 0. 2.16569281e+000 0. 2.16624379e+000 0.
    1.92715573e+000 0. 1.76751637e+000 0. 1.72816110e+000 0.
    1.66905808e+000 0. 1.72173357e+000 0. 1.82458413e+000 0.
    1.73309386e+000 0. 1.74253702e+000 0. 1.68393517e+000 0.
    1.80516481e+000 0. 1.70780361e+000 0. 1.75919569e+000 0.
    1.80912566e+000 0. 1.86938214e+000 0. 1.93477404e+000 0.
    1.92617679e+000 0. 1.87562013e+000 0. 1.74335301e+000 0.
    1.73970151e+000 0. 1.79468536e+000 0. 1.88719988e+000 0.
    2.26242518e+000 0. 8.18953705e+000 0. 2.05011415e+000 0.
    1.87921655e+000 0. 1.84539711e+000 0. 1.82911682e+000 0.
    1.89234531e+000 0. 2.13753581e+000 0. 2.12941861e+000 0.
    2.03572869e+000 0. 2.03691983e+000 0. 1.91352034e+000 0.
    1.86482108e+000 0. 1.82834816e+000 0. 1.76396894e+000 0.
    1.81076384e+000 0. 1.82084525e+000 0. 1.81386387e+000 0.
    1.75430202e+000 0. 1.72676075e+000 0. 1.79770184e+000 0.
    1.79407156e+000 0. 1.79972327e+000 0. 1.86973441e+000 0.
    1.89590812e+000 0. 1.93218708e+000 0. 1.93579817e+000 0.
    1.91807961e+000 0. 1.81679988e+000 0. 1.78086114e+000 0.
    1.85540962e+000 0. 1.91819227e+000 0. 2.20548177e+000 0.
    8.62733555e+000 0. 2.11189795e+000 0. 1.90073657e+000 0.
    1.91131628e+000 0. 1.85082448e+000 0. 1.96124589e+000 0.
    1.92669618e+000 0. 1.87435162e+000 0. 1.89895928e+000 0.
    1.96438920e+000 0. 1.93028831e+000 0. 1.90948188e+000 0.
    1.86259055e+000 0. 1.85256743e+000 0. 1.88441205e+000 0.
    1.88993323e+000 0. 1.87661898e+000 0. 1.89560914e+000 0.
    1.86439216e+000 0. 1.87453079e+000 0. 1.90904176e+000 0.
    2.00756431e+000 0. 1.96316648e+000 0. 2.04104257e+000 0.
    1.97732246e+000 0. 1.92570174e+000 0. 1.97855651e+000 0.
    2.00425053e+000 0. 2.01975775e+000 0. 2.00851679e+000 0.
    2.15448952e+000 0. 2.56527805e+000 0. 8.49390888e+000 0.
    2.03851843e+000 0. 1.86582065e+000 0. 1.86826563e+000 0.
    1.84640825e+000 0. 1.87681568e+000 0. 1.91947472e+000 0.
    1.89213562e+000 0. 1.87302113e+000 0. 1.94861436e+000 0.
    1.88000536e+000 0. 1.88289344e+000 0. 1.82598042e+000 0.
    1.81743479e+000 0. 1.86028767e+000 0. 1.86167634e+000 0.
    1.81111455e+000 0. 1.81392741e+000 0. 1.80050159e+000 0.
    1.80904686e+000 0. 1.90103376e+000 0. 1.86002851e+000 0.
    1.85028172e+000 0. 1.95336175e+000 0. 1.87685549e+000 0.
    1.93163562e+000 0. 1.91623247e+000 0. 1.91740429e+000 0.
    1.91138172e+000 0. 1.91538143e+000 0. 1.95173943e+000 0.
    2.56486511e+000 0. 1.08872776e+001 0. 2.07328963e+000 0.
    1.89524138e+000 0. 1.87682784e+000 0. 1.89455378e+000 0.
    1.87219000e+000 0. 1.90765893e+000 0. 1.91394889e+000 0.
    1.87345695e+000 0. 1.85506570e+000 0. 1.88260829e+000 0.
    1.93104148e+000 0. 1.88045669e+000 0. 1.88931680e+000 0.
    1.88891315e+000 0. 1.87174189e+000 0. 1.81880081e+000 0.
    1.89165223e+000 0. 1.88427925e+000 0. 1.88466835e+000 0.
    1.91894925e+000 0. 1.91975963e+000 0. 1.83745778e+000 0.
    1.92757905e+000 0. 1.84412837e+000 0. 1.90319717e+000 0.
    1.91382110e+000 0. 1.93004227e+000 0. 1.91763198e+000 0.
    1.91083789e+000 0. 2.00394416e+000 0. 2.91194558e+000 0.
    1.23972597e+001 0. 2.01502395e+000 0. 1.85373163e+000 0.
    1.88137531e+000 0. 1.85482073e+000 0. 1.88361764e+000 0.
    1.93090093e+000 0. 1.92403328e+000 0. 1.87519801e+000 0.
    1.85103393e+000 0. 1.89608908e+000 0. 1.87748146e+000 0.
    1.91900229e+000 0. 1.93569458e+000 0. 1.90299308e+000 0.
    1.96504855e+000 0. 1.85499120e+000 0. 1.86003137e+000 0.
    1.82540381e+000 0. 1.91812301e+000 0. 1.95560777e+000 0.
    1.93802977e+000 0. 1.89694738e+000 0. 1.90028119e+000 0.
    1.90285695e+000 0. 1.94411635e+000 0. 1.94389713e+000 0.
    1.95490158e+000 0. 1.96542072e+000 0. 2.01001239e+000 0.
    2.04369688e+000 0. 2.78995943e+000 0. 1.12064362e+001 0.
    2.06270862e+000 0. 1.88842213e+000 0. 1.92312610e+000 0.
    1.84125566e+000 0. 1.88354278e+000 0. 1.87517595e+000 0.
    1.89721489e+000 0. 1.89097989e+000 0. 1.86050200e+000 0.
    1.92393911e+000 0. 1.93867278e+000 0. 1.89421451e+000 0.
    1.87905180e+000 0. 1.92844737e+000 0. 1.91030896e+000 0.
    1.86214149e+000 0. 1.87077546e+000 0. 1.92082846e+000 0.
    1.92201769e+000 0. 1.93371212e+000 0. 1.87939942e+000 0.
    1.86420143e+000 0. 1.89235663e+000 0. 1.86924469e+000 0.
    1.97849739e+000 0. 1.90235412e+000 0. 1.94510341e+000 0.
    1.94126666e+000 0. 2.02656841e+000 0. 2.03455687e+000 0.
    2.89130569e+000 0. 1.20733137e+001 0. 2.71287394e+000 0.
    2.63170362e+000 0. 2.50596666e+000 0. 2.44418049e+000 0.
    2.40690851e+000 0. 2.23883414e+000 0. 2.26738882e+000 0.
    2.26275325e+000 0. 2.22585297e+000 0. 2.20239043e+000 0.
    2.04345369e+000 0. 2.02188158e+000 0. 1.94201529e+000 0.
    1.96393859e+000 0. 1.91856992e+000 0. 1.83956289e+000 0.
    1.84792089e+000 0. 1.90563726e+000 0. 1.86812484e+000 0.
    1.91622424e+000 0. 1.88313258e+000 0. 1.84510374e+000 0.
    1.85145068e+000 0. 1.87037134e+000 0. 1.88813353e+000 0.
    1.98875678e+000 0. 1.93852150e+000 0. 1.96778619e+000 0.
    1.99202180e+000 0. 1.95818841e+000 0. 2.75031567e+000 0.
    1.32981281e+001 0. 2.13982272e+000 0. 1.97732580e+000 0.
    1.97228301e+000 0. 1.97702563e+000 0. 1.95570827e+000 0.
    1.96943617e+000 0. 2.11894870e+000 0. 2.19925809e+000 0.
    2.53358650e+000 0. 2.81863475e+000 0. 3.00563145e+000 0.
    3.19361615e+000 0. 3.36916137e+000 0. 3.36571884e+000 0.
    3.31070185e+000 0. 3.14213204e+000 0. 3.11043477e+000 0.
    3.09685302e+000 0. 2.90194011e+000 0. 6.03000402e+000 0.
    5.56536198e+000 0. 1.06545916e+001 0. 2.89142847e+000 0.
    2.70852160e+000 0. 2.44465828e+000 0. 2.15441275e+000 0.
    2.02111149e+000 0. 1.92363882e+000 0. 2.01599073e+000 0.
    2.08337641e+000 0. 2.76780200e+000 0. 1.34092245e+001 0.
    2.15437841e+000 0. 2.00292373e+000 0. 1.97135472e+000 0.
    1.90901649e+000 0. 2.11148167e+000 0. 1.94837797e+000 0.
    1.93689525e+000 0. 1.86242092e+000 0. 1.86578524e+000 0.
    1.89139962e+000 0. 1.88310885e+000 0. 1.84369719e+000 0.
    1.87025535e+000 0. 1.87019014e+000 0. 1.84589398e+000 0.
    1.84263957e+000 0. 1.88284290e+000 0. 1.89015687e+000 0.
    1.88096726e+000 0. 1.96495533e+000 0. 2.40522289e+000 0.
    2.10421295e+001 0. 1.82631695e+000 0. 1.96137297e+000 0.
    2.07144356e+000 0. 2.48150468e+000 0. 2.74155879e+000 0.
    2.58191013e+000 0. 2.21623635e+000 0. 2.15457511e+000 0.
    2.96693230e+000 0. 1.59262123e+001 0. 2.07685781e+000 0.
    1.97478676e+000 0. 1.97161925e+000 0. 1.96407807e+000 0.
    1.98768973e+000 0. 2.02079058e+000 0. 1.98714805e+000 0.
    1.89377582e+000 0. 1.87970150e+000 0. 1.90579307e+000 0.
    1.85976934e+000 0. 1.84831882e+000 0. 1.88079739e+000 0.
    1.91029501e+000 0. 1.87099934e+000 0. 1.89867115e+000 0.
    1.83874130e+000 0. 1.90105736e+000 0. 1.92455363e+000 0.
    1.94397461e+000 0. 2.11678433e+000 0. 2.13030853e+001 0.
    1.85475791e+000 0. 2.04497981e+000 0. 2.13144684e+000 0.
    1.96738446e+000 0. 2.47781444e+000 0. 2.26514149e+000 0.
    2.20590186e+000 0. 2.19720578e+000 0. 2.87552500e+000 0.
    1.87034245e+001 0. 2.05525732e+000 0. 2.22404504e+000 0.
    2.54789996e+000 0. 2.10039854e+000 0. 1.93632984e+000 0.
    1.90201867e+000 0. 1.92795491e+000 0. 1.89178550e+000 0.
    1.87924004e+000 0. 1.92702365e+000 0. 1.85256994e+000 0.
    1.81387591e+000 0. 1.82280040e+000 0. 1.87433696e+000 0.
    1.83378136e+000 0. 1.86762607e+000 0. 1.85555851e+000 0.
    1.94158208e+000 0. 1.90975654e+000 0. 1.82467306e+000 0.
    1.96252966e+000 0. 2.11810532e+001 0. 1.87740695e+000 0.
    2.12382150e+000 0. 2.15154099e+000 0. 2.32312703e+000 0.
    3.22215986e+000 0. 2.68496561e+000 0. 2.62591743e+000 0.
    2.33039474e+000 0. 3.31717443e+000 0. 2.90221386e+001 0.
    2.53967214e+000 0. 2.60879111e+000 0. 2.09574270e+000 0.
